126599
126599
126599
126599
126599
126599
126599
126599
126599
126599
126599
126599
126599
126599
126599
126599
126599
126599
126599
126599
126599
126599
122238
122238
122238
122238
122238
122238
122238
122238
122238
122238
122238
122238
122238
122238
122238
122238
115715
115715
115715
115715
115715
115715
115715
115715
115715
115715
115715
115715
115715
115715
115715
115715
115715
115715
115715
115715
115715
115715
115715
115715
115715
115715
115715
115715
115715
115715
115715
115715
115715
115715
115715
115715
115715
115715
115715
115715
115715
115715
115715
115715
112554
112554
112554
112554
112554
111153
111153
111153
111153
111153
111153
111153
111153
111153
111153
111153
111153
111153
